%Parameters for the arm
params.L1 = 0.193675; params.L2 = 0.19685; params.L3 = 0.195; % m
params.mm2 = 0.489; params.mm3 = 0.35; params.m1 = 0.387; %kg
params.m2 = 0.193; params.m3 = 0.0405; params.I1 = 0.00121; %kg-m^2
params.I2 = 6.2323e-4; params.I3 = 1.2833e-4; 

params.J14 = 0.0216;
% params.J14 = 0.0816; %3002
params.J11 = 0.043;
params.J8  = 0.0037;
params.muS1 = 0.43*2.92;
% params.muS1 = 0.43*5.76; %3002
params.muS2 = 0.31*4.91;
params.muS3 = 0.24*2.10;
params.muD1 = .035*30/pi;
% params.muD1 = .15*30/pi; %3002
params.muD2 = .017*30/pi;
params.muD3 = .0097*30/pi;

params.km1 = 2.92;
% params.km1 = 5.76; %3002
params.km2 = 4.91;
params.km3 = 2.10;